a1 <- c(5,3,6,3,1)
a1

a2 <- c("짬뽕","짜장면","짬뽕","짬뽕","짜장면")
a2

a3 <- c(3.62,5.45,2.54,3.67,7.23)
a3

DF <- data.frame(a1,a2,a3)
DF

DF <- data.frame(count=a1, food=a2, meanCount=a3)
DF
